35
37
41
44
45
46
48
50
52
61
67
77
84
90
99
100
104
108
113
117
120
121
122
124
125
128
130
133
134
136
137
138
140
141
142
143
144
145
147
149
150
152
153
154
156
157
158
159
160
161
162
163
164
165
166
167
168
169
170
171
172
173
174
175
176
177
178
179
180
181
182
183
184
185
186
187
188
189
190
191
192
193
194
195
196
197
198
199
200
201
202
203
204
205
206
207
208
209
210
212
213
215
216
217
219
221
222
223
224
226
227
228
229
230
231
232
233
234
235
236
238
239
241
243
245
246
250
252
257
265
269
274
279
283
285
288
290
294
296
299
300
302
305
308
314
315
316
317
318
319
320
321
322
323
325
327
329
331
333
336
337
338
340
343
346
349
353
363
369
371
374
376
377
378
379
381
382
383
384
385
386
388
389
391
392
393
395
396
398
399
